3.0 0.0
5.0 1.0

5.0 0.0
0.0 4.0

7.0 0.0
11.0 1.0

9.0 0.0
7.0 2.0

11.0 0.0
17.0 1.0

13.0 0.0
5.0 3.0

15.0 0.0
23.0 1.0

17.0 0.0
13.0 2.0

19.0 0.0
29.0 1.0

21.0 0.0
0.0 6.0

23.0 0.0
35.0 1.0

25.0 0.0
19.0 2.0

27.0 0.0
41.0 1.0

29.0 0.0
11.0 3.0

31.0 0.0
47.0 1.0

33.0 0.0
25.0 2.0

35.0 0.0
53.0 1.0

37.0 0.0
7.0 4.0

39.0 0.0
59.0 1.0

41.0 0.0
31.0 2.0

43.0 0.0
65.0 1.0

45.0 0.0
17.0 3.0

47.0 0.0
71.0 1.0

49.0 0.0
37.0 2.0

51.0 0.0
77.0 1.0

53.0 0.0
5.0 5.0

55.0 0.0
83.0 1.0

57.0 0.0
43.0 2.0

59.0 0.0
89.0 1.0

61.0 0.0
23.0 3.0

63.0 0.0
95.0 1.0

65.0 0.0
49.0 2.0

67.0 0.0
101.0 1.0

69.0 0.0
13.0 4.0

71.0 0.0
107.0 1.0

73.0 0.0
55.0 2.0

75.0 0.0
113.0 1.0

77.0 0.0
29.0 3.0

79.0 0.0
119.0 1.0

81.0 0.0
61.0 2.0

83.0 0.0
125.0 1.0

85.0 0.0
0.0 8.0

87.0 0.0
131.0 1.0

89.0 0.0
67.0 2.0

91.0 0.0
137.0 1.0

93.0 0.0
35.0 3.0

95.0 0.0
143.0 1.0

97.0 0.0
73.0 2.0

99.0 0.0
149.0 1.0

101.0 0.0
19.0 4.0

103.0 0.0
155.0 1.0

105.0 0.0
79.0 2.0

107.0 0.0
161.0 1.0

109.0 0.0
41.0 3.0

111.0 0.0
167.0 1.0

113.0 0.0
85.0 2.0

115.0 0.0
173.0 1.0

117.0 0.0
11.0 5.0

119.0 0.0
179.0 1.0

121.0 0.0
91.0 2.0

123.0 0.0
185.0 1.0

125.0 0.0
47.0 3.0

127.0 0.0
191.0 1.0

129.0 0.0
97.0 2.0

131.0 0.0
197.0 1.0

133.0 0.0
25.0 4.0

135.0 0.0
203.0 1.0

137.0 0.0
103.0 2.0

139.0 0.0
209.0 1.0

141.0 0.0
53.0 3.0

143.0 0.0
215.0 1.0

145.0 0.0
109.0 2.0

147.0 0.0
221.0 1.0

149.0 0.0
7.0 6.0

151.0 0.0
227.0 1.0

153.0 0.0
115.0 2.0

155.0 0.0
233.0 1.0

157.0 0.0
59.0 3.0

159.0 0.0
239.0 1.0

161.0 0.0
121.0 2.0

163.0 0.0
245.0 1.0

165.0 0.0
31.0 4.0

167.0 0.0
251.0 1.0

169.0 0.0
127.0 2.0

171.0 0.0
257.0 1.0

173.0 0.0
65.0 3.0

175.0 0.0
263.0 1.0

177.0 0.0
133.0 2.0

179.0 0.0
269.0 1.0

181.0 0.0
17.0 5.0

183.0 0.0
275.0 1.0

185.0 0.0
139.0 2.0

187.0 0.0
281.0 1.0

189.0 0.0
71.0 3.0

191.0 0.0
287.0 1.0

193.0 0.0
145.0 2.0

195.0 0.0
293.0 1.0

197.0 0.0
37.0 4.0

199.0 0.0
299.0 1.0

201.0 0.0
151.0 2.0

203.0 0.0
305.0 1.0

205.0 0.0
77.0 3.0

207.0 0.0
311.0 1.0

209.0 0.0
157.0 2.0

211.0 0.0
317.0 1.0

213.0 0.0
5.0 7.0

215.0 0.0
323.0 1.0

217.0 0.0
163.0 2.0

219.0 0.0
329.0 1.0

221.0 0.0
83.0 3.0

223.0 0.0
335.0 1.0

225.0 0.0
169.0 2.0

227.0 0.0
341.0 1.0

229.0 0.0
43.0 4.0

231.0 0.0
347.0 1.0

233.0 0.0
175.0 2.0

235.0 0.0
353.0 1.0

237.0 0.0
89.0 3.0

239.0 0.0
359.0 1.0

241.0 0.0
181.0 2.0

243.0 0.0
365.0 1.0

245.0 0.0
23.0 5.0

247.0 0.0
371.0 1.0

249.0 0.0
187.0 2.0

251.0 0.0
377.0 1.0

253.0 0.0
95.0 3.0

255.0 0.0
383.0 1.0

257.0 0.0
193.0 2.0

259.0 0.0
389.0 1.0

261.0 0.0
49.0 4.0

263.0 0.0
395.0 1.0

265.0 0.0
199.0 2.0

267.0 0.0
401.0 1.0

269.0 0.0
101.0 3.0

271.0 0.0
407.0 1.0

273.0 0.0
205.0 2.0

275.0 0.0
413.0 1.0

277.0 0.0
13.0 6.0

279.0 0.0
419.0 1.0

281.0 0.0
211.0 2.0

283.0 0.0
425.0 1.0

285.0 0.0
107.0 3.0

287.0 0.0
431.0 1.0

289.0 0.0
217.0 2.0

291.0 0.0
437.0 1.0

293.0 0.0
55.0 4.0

295.0 0.0
443.0 1.0

297.0 0.0
223.0 2.0

299.0 0.0
449.0 1.0

301.0 0.0
113.0 3.0

303.0 0.0
455.0 1.0

305.0 0.0
229.0 2.0

307.0 0.0
461.0 1.0

309.0 0.0
29.0 5.0

311.0 0.0
467.0 1.0

313.0 0.0
235.0 2.0

315.0 0.0
473.0 1.0

317.0 0.0
119.0 3.0

319.0 0.0
479.0 1.0

321.0 0.0
241.0 2.0

323.0 0.0
485.0 1.0

325.0 0.0
61.0 4.0

327.0 0.0
491.0 1.0

329.0 0.0
247.0 2.0

331.0 0.0
497.0 1.0

333.0 0.0
125.0 3.0

335.0 0.0
503.0 1.0

337.0 0.0
253.0 2.0

339.0 0.0
509.0 1.0

341.0 0.0
0.0 10.0

343.0 0.0
515.0 1.0

345.0 0.0
259.0 2.0

347.0 0.0
521.0 1.0

349.0 0.0
131.0 3.0

351.0 0.0
527.0 1.0

353.0 0.0
265.0 2.0

355.0 0.0
533.0 1.0

357.0 0.0
67.0 4.0

359.0 0.0
539.0 1.0

361.0 0.0
271.0 2.0

363.0 0.0
545.0 1.0

365.0 0.0
137.0 3.0

367.0 0.0
551.0 1.0

369.0 0.0
277.0 2.0

371.0 0.0
557.0 1.0

373.0 0.0
35.0 5.0

375.0 0.0
563.0 1.0

377.0 0.0
283.0 2.0

379.0 0.0
569.0 1.0

381.0 0.0
143.0 3.0

383.0 0.0
575.0 1.0

385.0 0.0
289.0 2.0

387.0 0.0
581.0 1.0

389.0 0.0
73.0 4.0

391.0 0.0
587.0 1.0

393.0 0.0
295.0 2.0

395.0 0.0
593.0 1.0

397.0 0.0
149.0 3.0

399.0 0.0
599.0 1.0

401.0 0.0
301.0 2.0

403.0 0.0
605.0 1.0

405.0 0.0
19.0 6.0

407.0 0.0
611.0 1.0

409.0 0.0
307.0 2.0

411.0 0.0
617.0 1.0

413.0 0.0
155.0 3.0

415.0 0.0
623.0 1.0

417.0 0.0
313.0 2.0

419.0 0.0
629.0 1.0

421.0 0.0
79.0 4.0

423.0 0.0
635.0 1.0

425.0 0.0
319.0 2.0

427.0 0.0
641.0 1.0

429.0 0.0
161.0 3.0

431.0 0.0
647.0 1.0

433.0 0.0
325.0 2.0

435.0 0.0
653.0 1.0

437.0 0.0
41.0 5.0

439.0 0.0
659.0 1.0

441.0 0.0
331.0 2.0

443.0 0.0
665.0 1.0

445.0 0.0
167.0 3.0

447.0 0.0
671.0 1.0

449.0 0.0
337.0 2.0

451.0 0.0
677.0 1.0

453.0 0.0
85.0 4.0

455.0 0.0
683.0 1.0

457.0 0.0
343.0 2.0

459.0 0.0
689.0 1.0

461.0 0.0
173.0 3.0

463.0 0.0
695.0 1.0

465.0 0.0
349.0 2.0

467.0 0.0
701.0 1.0

469.0 0.0
11.0 7.0

471.0 0.0
707.0 1.0

473.0 0.0
355.0 2.0

475.0 0.0
713.0 1.0

477.0 0.0
179.0 3.0

479.0 0.0
719.0 1.0

481.0 0.0
361.0 2.0

483.0 0.0
725.0 1.0

485.0 0.0
91.0 4.0

487.0 0.0
731.0 1.0

489.0 0.0
367.0 2.0

491.0 0.0
737.0 1.0

493.0 0.0
185.0 3.0

495.0 0.0
743.0 1.0

497.0 0.0
373.0 2.0

499.0 0.0
749.0 1.0

501.0 0.0
47.0 5.0

503.0 0.0
755.0 1.0

505.0 0.0
379.0 2.0

507.0 0.0
761.0 1.0

509.0 0.0
191.0 3.0

511.0 0.0
767.0 1.0

