0) 3: 3, 
1) 11: 11, 
2) 43: 43, 
3) 171: 3, 3, 19, 
4) 683: 683, 
5) 2731: 2731, 
6) 10923: 3, 11, 331, 
7) 43691: 43691, 
8) 174763: 174763, 
9) 699051: 3, 43, 5419, 
10) 2796203: 2796203, 
11) 11184811: 11, 251, 4051, 
12) 44739243: 3, 3, 3, 19, 87211, 
13) 178956971: 59, 3033169, 
14) 715827883: 715827883, 
15) 2863311531: 3, 67, 683, 20857, 
16) 11453246123: 11, 43, 281, 86171, 
17) 45812984491: 1777, 25781083, 
18) 183251937963: 3, 2731, 22366891, 
19) 733007751851: 83, 8831418697, 
20) 2932031007403: 2932031007403, 
21) 11728124029611: 3, 3, 11, 19, 331, 18837001, 
22) 46912496118443: 283, 165768537521, 
23) 187649984473771: 43, 4363953127297, 
24) 750599937895083: 3, 307, 2857, 6529, 43691, 
25) 3002399751580331: 107, 28059810762433, 
26) 12009599006321323: 11, 11, 683, 2971, 48912491, 
27) 48038396025285291: 3, 571, 174763, 160465489, 
28) 192153584101141163: 2833, 37171, 1824726041, 
29) 768614336404564651: 768614336404564651,
